50
0 362 68
1 438 224
2 134 132
3 318 979
4 978 864
5 819 522
6 539 318
7 88 572
8 915 481
9 713 100
10 864 848
11 758 66
12 634 99
13 332 995
14 611 698
15 41 869
16 469 487
17 907 68
18 805 73
19 308 499
20 650 736
21 249 250
##end
22 111 339
23 809 951
24 530 658
25 975 62
26 550 187
27 567 652
28 805 788
29 617 171
30 302 77
31 75 671
32 154 666
33 967 952
34 889 865
35 320 945
36 45 278
37 972 87
38 97 378
39 498 493
40 411 342
41 449 33
42 110 658
43 30 254
44 533 414
45 661 773
46 701 503
47 128 974
48 731 628
49 564 680
50 768 936
51 212 760
52 412 264
53 130 431
54 181 217
55 942 305
56 605 217
57 702 882
58 657 97
59 489 525
60 368 888
61 791 522
62 364 22
63 937 305
64 343 972
65 35 628
66 39 157
67 393 332
68 317 112
69 345 518
70 696 195
71 457 549
72 835 417
73 389 375
74 370 99
75 196 568
76 803 387
77 644 947
78 977 115
##start
79 670 521
80 543 887
81 211 65
82 58 621
83 333 192
84 939 423
85 494 314
86 85 643
87 385 965
88 163 130
89 592 408
90 29 150
91 213 69
92 968 542
93 978 745
94 124 560
95 624 837
96 672 457
97 616 421
98 92 261
99 472 209
0-16
0-93
1-2
2-77
3-42
3-57
3-60
5-0
6-10
6-67
6-89
8-30
9-59
11-0
14-27
14-63
14-70
15-77
16-59
16-62
18-11
19-13
19-51
20-36
20-67
22-84
23-13
24-60
24-80
24-91
25-42
26-75
28-21
28-42
29-1
29-18
30-47
30-76
31-41
31-91
32-11
33-40
34-6
37-71
39-71
40-25
40-55
42-50
42-85
43-67
44-39
44-96
45-19
48-96
49-73
50-87
51-41
53-80
54-6
54-29
55-35
58-18
59-71
60-53
61-72
62-52
63-0
63-69
64-28
64-51
66-51
66-61
67-9
67-63
68-37
68-62
69-22
71-47
71-89
72-0
72-30
74-41
75-80
76-30
77-51
77-89
78-55
79-91
80-90
80-92
81-70
84-13
84-84
85-34
85-76
86-89
87-42
88-20
88-85
89-10
89-48
90-44
91-83
92-21
94-91
95-32
99-5
99-38
99-90
